// Auto-generated from OpenCV contours
module ports() {
  polygon(points=[[21.80789946140036, 12.946140035906637], [21.80789946140036, 9.421903052064621], [21.536804308797127, 9.150807899461398], [21.536804308797127, 6.710951526032304], [21.80789946140036, 6.43985637342908], [21.80789946140036, 4.271095152603223], [22.07899461400359, 4.0], [58.67684021543985, 4.0], [58.94793536804308, 4.271095152603223], [58.94793536804308, 12.946140035906637], [58.67684021543985, 13.21723518850986], [22.07899461400359, 13.21723518850986]]);
  polygon(points=[[62.47217235188509, 14.843806104129257], [62.47217235188509, 4.271095152603223], [62.74326750448832, 4.0], [92.56373429084381, 4.0], [92.83482944344703, 4.271095152603223], [92.83482944344703, 8.87971274685816], [93.10592459605027, 9.150807899461398], [93.10592459605027, 9.964093357271082], [92.83482944344703, 10.23518850987432], [92.83482944344703, 15.385996409335718], [92.29263913824057, 15.928186714542178], [63.55655296229802, 15.928186714542178]]);
  polygon(points=[[99.88330341113105, 19.452423698384194], [99.34111310592459, 18.910233393177734], [99.34111310592459, 18.639138240574496], [97.71454219030521, 17.012567324955114], [97.71454219030521, 4.271095152603223], [97.98563734290843, 4.0], [102.86535008976661, 4.0], [103.13644524236983, 4.271095152603223], [103.13644524236983, 18.910233393177734], [102.59425493716337, 19.452423698384194]]);
  polygon(points=[[109.10053859964093, 18.910233393177734], [108.8294434470377, 18.639138240574496], [108.8294434470377, 18.368043087971273], [108.28725314183124, 17.825852782764798], [108.016157989228, 17.825852782764798], [107.74506283662477, 17.554757630161575], [107.74506283662477, 6.43985637342908], [108.55834829443447, 5.626570915619382], [108.55834829443447, 4.271095152603223], [108.8294434470377, 4.0], [121.57091561938958, 4.0], [121.84201077199282, 4.271095152603223], [121.84201077199282, 5.89766606822262], [122.38420107719928, 6.43985637342908], [122.38420107719928, 17.554757630161575], [121.57091561938958, 18.368043087971273], [121.57091561938958, 18.639138240574496], [121.29982046678636, 18.910233393177734], [120.75763016157988, 18.910233393177734], [120.21543985637342, 19.452423698384194], [116.69120287253142, 19.452423698384194], [116.42010771992818, 19.181328545780957], [116.14901256732496, 19.181328545780957], [115.87791741472172, 18.910233393177734], [114.52244165170556, 18.910233393177734], [113.70915619389586, 19.723518850987432], [110.18491921005386, 19.723518850987432], [109.37163375224416, 18.910233393177734]]);
  polygon(points=[[124.2818671454219, 33.82046678635547], [124.01077199281868, 33.54937163375223], [124.01077199281868, 4.271095152603223], [124.2818671454219, 4.0], [141.6319569120287, 4.0], [141.90305206463194, 4.271095152603223], [141.90305206463194, 33.54937163375223], [141.6319569120287, 33.82046678635547]]);
  polygon(points=[[5.271095152603231, 33.82046678635547], [5.0, 33.54937163375223], [5.0, 4.271095152603223], [5.271095152603231, 4.0], [19.368043087971273, 4.0], [19.639138240574507, 4.271095152603223], [19.639138240574507, 33.54937163375223], [19.368043087971273, 33.82046678635547]]);
  polygon(points=[[144.34290843806102, 37.886894075403944], [144.07181328545778, 37.61579892280071], [144.07181328545778, 4.271095152603223], [144.34290843806102, 4.0], [155.72890484739676, 4.0], [155.99999999999997, 4.271095152603223], [155.99999999999997, 37.61579892280071], [155.72890484739676, 37.886894075403944]]);
}

    module shield(){
        import("Blank_IO_Shield-No_Grill.stl", center=true);
    }
    difference(){
        shield();
        linear_extrude(height=5.0) ports();
    }